Eigvals	4
0.5019281007717286	0.43782321575075633	0.3394506834775154	0.0

Proportion explained	4
0.39237595060962105	0.34226276674892336	0.26536128264145564	0.0

Species	0	0

Site	4	4
SRR16600068	-0.34279779848885783	-0.30590886778547316	0.3202537024944478	0.0
SRR16600076	0.441071373055654	-0.3330780561816003	-0.19236697315570284	0.0
SRR16600077	-0.35331187359443506	0.1987668196240283	-0.3735444704365725	0.0
SRR16600081	0.25503829902763847	0.44022010434304554	0.24565774109782657	0.0

Biplot	0	0

Site constraints	0	0
